$ANSIBLE_VAULT;1.1;AES256
39383735373432343434616232396664373833616133346161373730633335303136323061623631
6462643034646261646138653834616633636462653361630a303239643462626430646138636461
37663363303663356632393833343237366137393866326361326130303138633534346532366132
3134633263656334340a643535376137663761323039363539623261616162343033316265613163
63333862333165636262343632653932333638626331333766386563323131393630363237666432
61356537616163353065313464373331363636623830346263396637316263313062656462323833
37656435656431333063643161316465343462643336623166336535376566333761623565333762
34316136653332623266613564656137633035666536343832383365646131366535373664656365
65343439643530376266353063623139386661623936373438313236353631356230633866386236
64623439636265633664613933636162306162636537366535396137643436386664613861316662
61653835626338303938383534623239663137626135616238323331343061373934323365346338
64623138636437343737356364643763323536616162396338343838656162666662383237363631
33336262666133313430396532316537396239653961666438383634366238303136343161303532
30326362303737366631663331366166346131393738333630323062663538333632396236393039
35616665623763306334346133666236623433616437353331626134393130363763346661343165
39303232613265343864653861366664363139313965316134623837316161333333396233613932
38313264343235386230343761336164396463353765626163333735383838333965333138393963
35393263643064626132363436626564633039353634383961386362393931306236623737633539
63333463393034313237653966333539316539623662636462343465616133613839626232626661
34383438373130646661353564323430393237663030653335323932373538366265333235653434
35373338613934333563633462636464346639343037316534633665613631343632393963356431
35653539356566396461346564303864346133363763306266633338383065656665386662373634
35616165353861356630386537383936323639376633653262653763363731656332313839303663
31313738653034306663306465353363303430393137643765396332356466323337636234386337
33383433363233663038353132393963613639633264356564373364663861653433336631613664
39623136353161663664306238363237613535343535366262323939376265663138356332653334
32333437356231393632303130333338313132663332626563326433663133356662343131373162
35613830356135393965623030353735313831623932653635633238393063366137333666636264
62306536343437303434646337643662323262306365303661616638666161383238343337623461
36623233353465316237346339313565383631386163393431396239643064643238623735386235
38393437373634366333316335616234613962356462663330343137633163633434633938346331
61336665636232333635326566383230613538333566303566376464663562613064613361363430
35646631383166386561306234633764613938376565656634336537656536656161356532343361
63383437386639643565393663636630623536333732316233336334623462383463393064343531
32363661303438646463356334616534393437333333363061306634363864643436343939616636
30346664613832353930343231613235363434313366303030306130373235363933303230613333
39626162316465323665656338373265353336643861613837393037656334353232333863666333
33636263326338353436623932343465383931353336663334663161336436353961333966386433
39306337623937333239356637366362666663353134643536373939653362646434663034363063
36356530386237656634663566396234353963323838303636653837333731626263656139313739
65366638303961356338626564396366343231373466633536393838353537636661383361656565
65323037393831313431313936333435333835383735636335333736313936623132316131393138
61643134346132373732323236363337613038336335623237643434646166396462363731303766
34656261313732396532373638396339306537323633366539323437363062393761316132623534
62353263356163626332393664346164323765646337613038383636333566326563353130663661
36336566383332323666623130356339313965323631633637366466643165323762393462326561
65366539643163303937363330333836616134393665316661633638363734363962333862623134
38373764623861306332653238623138333435653535353566383261333733393965363635333561
61656566306461643631383235313134336661623637313163383036633436643836666437313266
63303530366463316330323762383466353935666565383334353136616464376534383437366332
30643238343236626664313933623834633036376330366333333432646437336263643935386161
30666434383032613266386437376337333539333363383233616665653430356435373231303830
32383732663832393839303365646236663534653731663531353331386630623664623262366534
30303836616337363065373537323333396337343937626335653130343731393535663731353932
35323131336536393037616537316366326131316439303766376436353534633865396164393234
61353230383861323066
